2024-06-26 wtorny 1156 6876 12800 16954 12772 7104 7452 3709 
2024-06-27 wtorny 1158 6879 12794 16961 12765 7101 7448 3707 
2024-06-28 wtorny 1152 6873 12750 16921 12720 7078 7383 3683 
2024-06-29 wtorny 1157 6895 12743 16960 12718 7102 7391 3701 
2024-06-30 wtorny 1155 6903 12731 16946 12718 7095 7395 3689 
2024-07-01 wtorny 1163 6907 12811 17012 12764 7104 7401 3697 
2024-07-02 wtorny 1162 6937 12875 17116 12783 7127 7442 3695 
2024-07-03 wtorny 1154 6968 12864 17157 12799 7147 7461 3703 
2024-07-04 wtorny 1135 6975 12939 17160 12809 7151 7474 3714 
2024-07-05 wtorny 1129 6983 12946 17167 12828 7173 7452 3688 
2024-07-06 wtorny 1111 6967 12892 17131 12785 7169 7428 3685 
2024-07-07 wtorny 1113 6967 12905 17132 12823 7171 7423 3685 
2024-07-08 wtorny 1113 6977 12922 17124 12835 7188 7443 3704 
2024-07-09 wtorny 1127 6977 13030 17227 12925 7235 7437 3699 
2024-07-10 wtorny 1148 6988 13035 17237 12932 7243 7439 3705 
2024-07-11 wtorny 1152 7001 13045 17273 12893 7253 7413 3713 
2024-07-12 wtorny 1158 7076 13122 17411 13028 7338 7482 3725 
2024-07-13 wtorny 1146 7009 13016 17220 12872 7208 7408 3696 
2024-07-14 wtorny 1136 7014 12988 17222 12841 7218 7404 3690 
2024-07-15 wtorny 1143 7034 13018 17243 12845 7227 7401 3706 
2024-07-16 wtorny 1158 7079 13077 17338 12892 7237 7421 3707 
2024-07-17 wtorny 1156 7088 13116 17335 12915 7258 7413 3702 
2024-07-18 wtorny 1153 7067 13163 17396 12953 7255 7387 3706 
2024-07-19 wtorny 1159 7063 13169 17428 13011 7284 7397 3700 
2024-07-20 wtorny 1154 7067 13148 17371 12991 7274 7362 3700 
2024-07-21 wtorny 1158 7062 13136 17338 12968 7281 7360 3699 
2024-07-22 wtorny 1167 7095 13172 17382 13000 7307 7374 3707 
2024-07-23 wtorny 1171 7112 13182 17466 13037 7327 7387 3692 
2024-07-24 wtorny 1177 7094 13185 17477 13039 7322 7371 3702 
2024-07-25 wtorny 1192 7138 13188 17543 13073 7318 7377 3714 
2024-07-26 wtorny 1188 7145 13227 17565 13082 7340 7370 3710 
2024-07-27 wtorny 1183 7139 13217 17572 13079 7333 7361 3701 
2024-07-28 wtorny 1180 7160 13251 17554 13061 7319 7363 3700 
2024-07-29 wtorny 1182 7168 13269 17591 13092 7319 7379 3702 
2024-07-30 wtorny 1169 7163 13179 17483 13001 7293 7331 3681 
2024-07-31 wtorny 1178 7168 13149 17453 12991 7278 7309 3690 
2024-08-01 wtorny 1175 7197 13133 17519 13050 7316 7340 3698 
2024-08-02 wtorny 1170 7201 13109 17493 13039 7345 7323 3688 
2024-08-03 wtorny 1159 7229 13123 17527 13069 7375 7330 3697 
2024-08-04 wtorny 1161 7231 13119 17520 13043 7365 7311 3696 
2024-08-05 wtorny 1177 7250 13172 17538 13083 7395 7312 3708 
2024-08-06 wtorny 1186 7279 13201 17572 13127 7443 7324 3693 
2024-08-07 wtorny 1189 7275 13194 17589 13126 7432 7318 3693 
2024-08-08 wtorny 1177 7250 13181 17593 13136 7400 7307 3692 
2024-08-09 wtorny 1178 7260 13183 17587 13141 7401 7311 3692 
2024-08-10 wtorny 1159 7269 13191 17675 13177 7424 7350 3677 
2024-08-11 wtorny 1163 7269 13182 17640 13154 7414 7342 3668 
2024-08-12 wtorny 1187 7260 13173 17632 13129 7427 7335 3662 
2024-08-13 wtorny 1191 7297 13139 17683 13185 7437 7375 3677 
2024-08-14 wtorny 1188 7294 13139 17698 13179 7438 7380 3679 
2024-08-15 wtorny 1194 7311 13168 17705 13190 7448 7382 3665 
2024-08-16 wtorny 1181 7302 13161 17681 13193 7422 7376 3664 
2024-08-17 wtorny 1182 7302 13140 17656 13183 7418 7374 3668 
2024-08-18 wtorny 1177 7278 13090 17616 13146 7420 7364 3661 
2024-08-19 wtorny 1167 7282 13051 17632 13130 7419 7365 3658 
2024-08-20 wtorny 1166 7305 13064 17731 13137 7471 7399 3660 
2024-08-21 wtorny 1167 7352 13113 17757 13224 7476 7412 3655 
2024-08-22 wtorny 1160 7336 13142 17725 13186 7476 7412 3649 
2024-08-23 wtorny 1172 7384 13150 17784 13208 7533 7437 3653 
2024-08-24 wtorny 1178 7371 13134 17762 13218 7519 7448 3651 
2024-08-25 wtorny 1172 7358 13101 17716 13213 7523 7433 3648 
2024-08-26 wtorny 1168 7359 13053 17692 13189 7500 7422 3644 
2024-08-27 wtorny 1175 7372 13091 17798 13273 7531 7444 3649 
2024-08-28 wtorny 1174 7353 13083 17845 13317 7566 7477 3655 
2024-08-29 wtorny 1176 7347 13053 17877 13347 7564 7492 3673 
2024-08-30 wtorny 1174 7332 13051 17924 13380 7585 7514 3674 
2024-08-31 wtorny 1177 7298 13015 17861 13401 7584 7496 3675 
2024-09-01 wtorny 1177 7260 12973 17817 13353 7545 7475 3652 
2024-09-02 wtorny 1177 7266 12994 17812 13315 7538 7466 3635 
2024-09-03 wtorny 1178 7265 13056 17884 13348 7571 7466 3652 
2024-09-04 wtorny 1172 7274 13083 17909 13386 7597 7472 3654 
2024-09-05 wtorny 1183 7268 13107 17934 13406 7638 7463 3676 
2024-09-06 wtorny 1192 7276 13115 17935 13408 7658 7462 3682 
2024-09-07 wtorny 1193 7280 13201 17972 13448 7711 7472 3674 
2024-09-08 wtorny 1196 7251 13140 17915 13386 7679 7445 3673 
2024-09-09 wtorny 1195 7248 13119 17884 13348 7667 7430 3671 
2024-09-10 wtorny 1204 7292 13238 18066 13485 7756 7501 3690 
2024-09-11 wtorny 1222 7507 13722 18352 13753 7924 7658 3755 
2024-09-12 wtorny 1209 7724 14526 18898 14166 8144 7874 3762 
2024-09-13 wtorny 1204 7515 13627 18510 13893 8018 7774 3753 
2024-09-14 wtorny 1216 7466 13582 18568 13903 8012 7789 3761 
2024-09-15 wtorny 1215 7469 13552 18587 13910 8022 7795 3761 
2024-09-16 wtorny 1222 7450 13594 18604 13917 8022 7803 3760 
2024-09-17 wtorny 1230 7472 13594 18627 13930 8015 7779 3783 
2024-09-18 wtorny 1241 7464 13605 18594 13941 7972 7729 3788 
2024-09-19 wtorny 1248 7465 13534 18579 13880 7915 7705 3784 
2024-09-20 wtorny 1246 7469 13568 18598 13882 7914 7716 3778 
2024-09-21 wtorny 1250 7475 13538 18612 13895 7906 7745 3771 
2024-09-22 wtorny 1241 7448 13494 18568 13873 7896 7726 3774 
2024-09-23 wtorny 1225 7441 13494 18581 13892 7886 7710 3769 
2024-09-24 wtorny 1220 7451 13468 18654 13913 7885 7688 3789 
2024-09-25 wtorny 1235 7472 13470 18674 13935 7908 7673 3784 
2024-09-26 wtorny 1228 7467 13467 18738 13975 7924 7675 3788 
2024-09-27 wtorny 1227 7441 13431 18751 13952 7914 7663 3792 
2024-09-28 wtorny 1234 7437 13365 18686 13943 7910 7600 3783 
2024-09-29 wtorny 1232 7403 13319 18627 13910 7884 7593 3778 
2024-09-30 wtorny 1229 7369 13294 18621 13863 7868 7559 3771 
2024-10-01 wtorny 1227 7373 13296 18627 13868 7847 7568 3771 
2024-10-02 wtorny 1233 7388 13356 18685 13881 7848 7584 3783 
2024-10-03 wtorny 1237 7391 13324 18684 13854 7862 7554 3784 
2024-10-04 wtorny 1241 7413 13363 18772 13922 7858 7585 3811 
2024-10-05 wtorny 1246 7420 13341 18791 13923 7861 7597 3823 
2024-10-06 wtorny 1236 7395 13339 18772 13916 7853 7594 3812 
2024-10-07 wtorny 1225 7379 13312 18767 13918 7877 7619 3801 
2024-10-08 wtorny 1228 7400 13388 18898 13967 7909 7624 3795 
2024-10-09 wtorny 1233 7402 13415 18953 14003 7941 7619 3805 
2024-10-10 wtorny 1227 7452 13444 18985 14038 7974 7661 3828 
2024-10-11 wtorny 1223 7457 13454 18935 14001 7980 7651 3800 
2024-10-12 wtorny 1221 7417 13475 18801 13957 7945 7678 3816 
2024-10-13 wtorny 1219 7405 13449 18793 13925 7914 7670 3810 
2024-10-14 wtorny 1226 7388 13465 18786 13937 7918 7674 3807 
2024-10-15 wtorny 1220 7408 13503 18846 13976 7942 7670 3841 
2024-10-16 wtorny 1222 7409 13556 18937 14034 7964 7685 3845 
2024-10-17 wtorny 1218 7407 13577 18866 14065 7961 7692 3854 
2024-10-18 wtorny 1209 7409 13616 18899 14081 7981 7693 3868 
2024-10-19 wtorny 1211 7419 13652 18874 14106 7983 7695 3867 
2024-10-20 wtorny 1200 7405 13610 18847 14082 7972 7684 3866 
2024-10-21 wtorny 1193 7400 13574 18844 14062 7955 7661 3854 
2024-10-22 wtorny 1189 7433 13603 18889 14057 7973 7689 3876 
2024-10-23 wtorny 1205 7465 13602 18943 14129 8010 7715 3892 
2024-10-24 wtorny 1210 7488 13613 18930 14161 7994 7729 3893 
2024-10-25 wtorny 1214 7503 13602 18954 14175 7972 7708 3901 
2024-10-26 wtorny 1215 7517 13601 18917 14156 7960 7680 3920 
2024-10-27 wtorny 1216 7499 13548 18841 14135 7952 7683 3906 
2024-10-28 wtorny 1199 7479 13532 18843 14126 7953 7679 3902 
2024-10-29 wtorny 1210 7533 13573 18874 14129 7990 7666 3887 
2024-10-30 wtorny 1220 7547 13581 18884 14117 7983 7687 3900 
2024-10-31 wtorny 1210 7518 13603 18848 14092 7979 7673 3905 
2024-11-01 wtorny 1205 7484 13564 18773 14069 7964 7655 3877 
2024-11-02 wtorny 1203 7461 13546 18734 14046 7973 7655 3872 
2024-11-03 wtorny 1193 7437 13491 18679 13960 7947 7624 3860 
2024-11-04 wtorny 1186 7427 13488 18696 13945 7933 7627 3867 
2024-11-05 wtorny 1182 7462 13562 18736 13936 7957 7627 3874 
2024-11-06 wtorny 1184 7546 13651 18763 13997 7953 7643 3884 
2024-11-07 wtorny 1188 7521 13588 18727 14024 7936 7645 3883 
2024-11-08 wtorny 1195 7526 13636 18714 14009 7931 7643 3880 
2024-11-09 wtorny 1194 7513 13638 18716 14036 7924 7649 3890 
2024-11-10 wtorny 1185 7502 13605 18672 14033 7909 7636 3882 
2024-11-11 wtorny 1191 7467 13574 18665 14016 7897 7599 3873 
2024-11-12 wtorny 1187 7470 13590 18720 14045 7905 7607 3882 
2024-11-13 wtorny 1199 7480 13573 18756 14057 7905 7610 3873 
2024-11-14 wtorny 1197 7482 13650 18778 14053 7907 7640 3870 
2024-11-15 wtorny 1191 7430 13602 18776 14050 7903 7651 3864 
2024-11-16 wtorny 1194 7442 13626 18794 14036 7907 7665 3867 
2024-11-17 wtorny 1186 7433 13585 18748 13976 7895 7639 3855 
2024-11-18 wtorny 1178 7417 13593 18761 13990 7893 7629 3849 
2024-11-19 wtorny 1187 7443 13623 18807 14008 7907 7642 3858 
2024-11-20 wtorny 1207 7458 13631 18858 14035 7927 7652 3872 
2024-11-21 wtorny 1197 7439 13651 18827 14028 7908 7624 3870 
2024-11-22 wtorny 1184 7431 13656 18860 14071 7909 7618 3875 
2024-11-23 wtorny 1191 7435 13626 18862 14064 7898 7611 3878 
2024-11-24 wtorny 1177 7436 13600 18835 14043 7888 7601 3855 
2024-11-25 wtorny 1171 7435 13572 18814 14017 7884 7593 3853 
2024-11-26 wtorny 1179 7442 13635 18922 14047 7871 7592 3839 
2024-11-27 wtorny 1193 7502 13683 18968 14094 7889 7602 3848 
2024-11-28 wtorny 1196 7511 13689 18963 14089 7886 7585 3843 
2024-11-29 wtorny 1195 7510 13686 18976 14105 7909 7593 3842 
2024-11-30 wtorny 1211 7478 13651 18941 14081 7901 7611 3836 
2024-12-01 wtorny 1208 7444 13599 18918 14081 7878 7588 3837 
2024-12-02 wtorny 1217 7428 13604 18937 14083 7855 7594 3829 
2024-12-03 wtorny 1224 7437 13633 18934 14082 7875 7605 3847 
2024-12-04 wtorny 1225 7465 13701 18935 14109 7877 7607 3830 
2024-12-05 wtorny 1228 7464 13687 18906 14067 7858 7580 3825 
2024-12-08 wtorny 1237 7448 13602 18817 14017 7890 7559 3821 
2024-12-09 wtorny 1235 7433 13562 18777 14013 7876 7542 3823 
2024-12-10 wtorny 1223 7456 13623 18783 14022 7871 7554 3812 
2024-12-11 wtorny 1218 7472 13672 18805 14005 7895 7533 3793 
2024-12-12 wtorny 1198 7473 13671 18738 13960 7891 7552 3801 
2024-12-15 wtorny 1202 7480 13625 18638 13879 7854 7520 3764 
2024-12-16 wtorny 1207 7471 13640 18629 13883 7832 7497 3753 
2024-12-17 wtorny 1234 7475 13631 18593 13883 7813 7464 3743 
2024-12-18 wtorny 1238 7439 13625 18553 13869 7803 7455 3752 
2024-12-19 wtorny 1236 7410 13594 18452 13812 7765 7417 3732 
2024-12-20 wtorny 1231 7374 13545 18342 13755 7750 7382 3708 
2024-12-27 wtorny 1199 7124 13178 17968 13408 7568 7295 3662 
2024-12-28 wtorny 1194 7060 13082 17833 13261 7490 7252 3625 
2024-12-29 wtorny 1196 7042 13081 17827 13245 7477 7263 3615 
2024-12-30 wtorny 1187 7036 13029 17678 13166 7448 7237 3605 
2024-12-31 wtorny 1184 7011 13001 17614 13130 7443 7212 3587 
2025-01-01 wtorny 1183 7009 12990 17603 13133 7434 7210 3583 
2025-01-02 wtorny 1184 7014 12980 17603 13128 7433 7221 3584 
2025-01-03 wtorny 1183 7027 12968 17552 13123 7423 7217 3605 
2025-01-04 wtorny 1180 7024 12953 17516 13070 7413 7217 3600 
2025-01-05 wtorny 1178 7014 12927 17491 13084 7396 7206 3591 
2025-01-06 wtorny 1177 7023 12925 17506 13082 7390 7186 3582 
2025-01-07 wtorny 1181 7030 12932 17576 13127 7393 7210 3591 
2025-01-08 wtorny 1174 7063 12950 17603 13171 7448 7200 3601 
2025-01-09 wtorny 1188 7050 12954 17613 13172 7437 7186 3600 
2025-01-10 wtorny 1195 7063 12979 17642 13199 7441 7182 3618 
2025-01-11 wtorny 1208 7068 13007 17642 13228 7429 7160 3617 
2025-01-12 wtorny 1192 7038 12983 17608 13258 7404 7158 3619 
2025-01-13 wtorny 1192 7047 12978 17649 13268 7405 7158 3616 
2025-01-14 wtorny 1213 7116 13006 17778 13356 7461 7191 3634 
2025-01-15 wtorny 1214 7154 13027 17850 13401 7496 7219 3643 
2025-01-16 wtorny 1209 7165 13043 17872 13424 7519 7199 3634 
2025-01-17 wtorny 1227 7227 13122 17965 13504 7543 7221 3645 
2025-01-18 wtorny 1233 7256 13162 18022 13524 7553 7234 3654 
2025-01-19 wtorny 1235 7250 13160 18012 13539 7567 7235 3649 
2025-01-20 wtorny 1234 7257 13160 18032 13571 7582 7235 3645 
2025-01-21 wtorny 1235 7293 13211 18115 13629 7592 7247 3657 
2025-01-22 wtorny 1231 7310 13226 18174 13664 7597 7249 3659 
2025-01-23 wtorny 1239 7416 13466 18479 13859 7693 7349 3676 
2025-01-24 wtorny 1243 7430 13510 18518 13915 7705 7378 3688 
2025-01-25 wtorny 1236 7454 13589 18572 13958 7747 7423 3690 
2025-01-26 wtorny 1228 7437 13631 18577 13991 7745 7429 3691 
2025-01-27 wtorny 1237 7436 13623 18566 13968 7749 7431 3690 
2025-01-28 wtorny 1242 7493 13610 18629 14033 7775 7438 3712 
2025-01-29 wtorny 1248 7513 13665 18631 14087 7798 7431 3727 
2025-01-30 wtorny 1247 7511 13701 18650 14045 7800 7434 3722 
2025-01-31 wtorny 1243 7497 13720 18637 14004 7779 7398 3709 
2025-02-01 wtorny 1245 7497 13680 18580 13983 7741 7385 3666 
2025-02-02 wtorny 1246 7480 13664 18539 13961 7741 7386 3664 
2025-02-03 wtorny 1254 7481 13689 18557 13980 7750 7393 3665 
2025-02-04 wtorny 1259 7507 13746 18628 14048 7785 7390 3675 
2025-02-05 wtorny 1260 7503 13754 18660 14068 7790 7380 3670 
2025-02-06 wtorny 1258 7556 13781 18745 14089 7788 7400 3672 
2025-02-07 wtorny 1258 7567 13761 18722 14059 7738 7388 3672 
2025-02-08 wtorny 1260 7563 13745 18721 14066 7762 7389 3683 
2025-02-09 wtorny 1260 7544 13747 18689 14053 7749 7360 3669 
2025-02-10 wtorny 1265 7559 13747 18721 14089 7765 7360 3677 
2025-02-11 wtorny 1267 7563 13818 18793 14152 7767 7358 3703 
2025-02-12 wtorny 1268 7539 13852 18866 14189 7768 7383 3697 
2025-02-13 wtorny 1266 7548 13847 18809 14198 7756 7381 3696 
2025-02-14 wtorny 1259 7560 13851 18850 14217 7762 7381 3702 
2025-02-15 wtorny 1257 7549 13871 18866 14200 7775 7385 3710 
2025-02-16 wtorny 1269 7561 13870 18843 14209 7765 7366 3690 
2025-02-17 wtorny 1270 7560 13898 18866 14223 7787 7369 3687 
2025-02-18 wtorny 1269 7610 13959 18907 14255 7805 7403 3717 
2025-02-19 wtorny 1266 7614 13962 18988 14234 7803 7433 3735 
2025-02-20 wtorny 1271 7639 13974 18929 14316 7792 7415 3729 
2025-02-21 wtorny 1274 7630 13953 18946 14307 7799 7432 3725 
2025-02-22 wtorny 1278 7606 13938 18925 14321 7791 7445 3721 
2025-02-23 wtorny 1281 7609 13949 18914 14331 7778 7452 3719 
2025-02-24 wtorny 1269 7614 13955 18955 14344 7787 7451 3721 
2025-02-25 wtorny 1267 7629 13964 18915 14349 7785 7482 3720 
2025-02-26 wtorny 1274 7622 14011 18931 14370 7788 7482 3735 
2025-02-27 wtorny 1262 7639 14000 18892 14327 7774 7481 3745 
